0 1 1.00000
0 2 0.98810
0 3 0.98438
0 4 0.96552
0 5 0.91837
0 6 0.88095
0 7 0.83333
0 8 0.85294
0 9 0.81818
0 10 0.78571
0 11 0.74074
0 12 0.84000
0 13 0.70000
0 14 0.72222
1 2 1.00000
1 3 1.00000
1 4 0.98182
1 5 0.89362
1 6 0.85714
1 7 0.84783
1 8 0.92000
1 9 0.88000
1 10 0.76667
1 11 0.83333
1 12 0.72000
1 13 0.80952
1 14 0.75000
2 3 1.00000
2 4 0.98039
2 5 0.96078
2 6 0.91837
2 7 0.93182
2 8 0.89655
2 9 0.75000
2 10 0.82143
2 11 0.82143
2 12 0.82609
2 13 0.80952
2 14 0.71429
3 4 1.00000
3 5 0.94030
3 6 1.00000
3 7 1.00000
3 8 0.95000
3 9 0.88889
3 10 0.78378
3 11 0.84848
3 12 0.84375
3 13 0.88462
3 14 0.78261
4 5 1.00000
4 6 1.00000
4 7 1.00000
4 8 1.00000
4 9 0.97959
4 10 0.97619
4 11 0.85294
4 12 0.81579
4 13 0.86207
4 14 0.84615
4 15 0.82609
4 16 0.85714
4 17 0.70000
4 18 0.89474
4 19 0.73684
5 6 1.00000
5 7 1.00000
5 8 0.98113
5 9 1.00000
5 10 1.00000
5 11 0.91667
5 12 0.82927
5 13 0.73529
5 14 0.75000
5 15 0.82759
5 16 0.85714
5 17 0.76190
5 18 0.90000
6 7 0.96970
6 8 0.98113
6 9 0.95833
6 10 0.96078
6 11 0.95918
6 12 0.93617
6 13 0.87500
6 14 0.73684
6 15 0.75862
6 16 0.80000
6 17 0.66667
6 18 0.91667
7 8 0.98485
7 9 1.00000
7 10 1.00000
7 11 1.00000
7 12 0.92727
7 13 0.90244
7 14 0.76923
7 15 0.76667
7 16 0.78125
7 17 0.71429
7 18 0.84000
7 20 0.77778
8 9 1.00000
8 10 1.00000
8 11 0.98276
8 12 0.98039
8 13 1.00000
8 14 0.82857
8 15 0.79167
8 16 0.78571
8 17 0.76000
8 18 0.82609
9 10 1.00000
9 11 0.98824
9 12 1.00000
9 13 0.93443
9 14 0.81132
9 15 0.80488
9 16 0.82609
9 17 0.71429
9 18 0.85714
9 19 0.76923
9 20 0.79310
9 21 0.75000
10 11 0.97468
10 12 0.98592
10 13 0.96923
10 14 0.92593
10 15 0.80392
10 16 0.75610
10 17 0.73529
10 18 0.80645
10 19 0.75000
10 20 0.80769
10 21 0.73684
11 12 1.00000
11 13 1.00000
11 14 1.00000
11 15 0.90566
11 16 0.85106
11 17 0.76316
11 18 0.78125
11 19 0.74074
11 20 0.76000
11 21 0.68421
11 22 0.77778
12 13 1.00000
12 14 1.00000
12 15 0.94340
12 16 0.88462
12 17 0.84091
12 18 0.85714
12 19 0.75862
12 20 0.75000
12 21 0.76190
12 25 0.78947
13 14 1.00000
13 15 1.00000
13 16 0.97368
13 17 0.86441
13 18 0.84783
13 19 0.80851
13 20 0.84375
13 21 0.86667
13 25 0.95000
14 15 1.00000
14 16 1.00000
14 17 0.98333
14 18 0.93548
14 19 0.88462
14 20 0.72000
14 21 0.75000
14 22 0.81818
14 23 0.78261
14 24 0.80000
15 16 1.00000
15 17 1.00000
15 18 1.00000
15 19 1.00000
15 20 0.89474
15 21 0.82353
15 22 0.72222
15 23 0.86207
15 24 0.79310
15 25 0.87097
15 26 0.90476
15 27 0.84211
15 29 0.76190
16 17 1.00000
16 18 1.00000
16 19 1.00000
16 20 0.98246
16 21 0.80000
16 22 0.78788
16 23 0.72727
16 24 0.77419
16 25 0.83871
16 26 0.73913
16 27 0.80000
16 28 0.81818
17 18 1.00000
17 19 1.00000
17 20 1.00000
17 21 1.00000
17 22 0.75610
17 23 0.72727
17 24 0.78125
17 25 0.85714
17 26 0.95238
18 19 1.00000
18 20 1.00000
18 21 1.00000
18 22 0.84444
18 23 0.80851
18 24 0.82051
18 25 0.88571
18 26 0.93939
18 27 0.86957
18 28 0.91304
19 20 1.00000
19 21 1.00000
19 22 0.98305
19 23 0.97917
19 24 0.80488
19 25 0.85714
19 26 0.78125
19 27 0.80769
19 28 0.80000
19 29 0.85000
20 21 1.00000
20 22 1.00000
20 23 0.98485
20 24 0.90196
20 25 0.88889
20 26 0.78947
20 27 0.86207
20 28 0.75000
20 29 0.69231
20 30 0.78947
21 22 1.00000
21 23 1.00000
21 24 1.00000
21 25 0.98077
21 26 0.76000
21 27 0.75676
21 28 0.84375
21 29 0.85714
21 30 0.80000
21 31 0.75000
22 23 0.98851
22 24 1.00000
22 25 1.00000
22 26 0.94444
22 27 0.87500
22 28 0.77778
22 29 0.81481
22 30 0.79167
22 31 0.90000
22 32 0.88889
23 24 0.98824
23 25 1.00000
23 26 1.00000
23 27 1.00000
23 28 0.94118
23 29 0.75610
23 30 0.86667
23 31 0.88000
23 32 0.85714
23 33 0.88000
23 34 0.89474
24 25 1.00000
24 26 0.98551
24 27 0.96970
24 28 0.96491
24 29 0.81395
24 30 0.88571
24 31 0.89286
24 32 0.89286
24 33 0.96154
24 34 0.90909
25 26 1.00000
25 27 1.00000
25 28 1.00000
25 29 0.84211
25 30 0.84091
25 31 0.87879
25 32 0.88889
25 33 0.93548
25 34 0.80769
25 35 0.88000
26 27 1.00000
26 28 1.00000
26 29 0.96875
26 30 0.89796
26 31 0.92105
26 32 0.91892
26 33 0.87879
26 34 0.93333
26 35 0.83333
26 37 0.92000
26 38 0.90000
27 28 1.00000
27 29 1.00000
27 30 1.00000
27 31 0.97872
27 32 0.89796
27 33 0.90476
27 34 0.97368
27 35 0.92105
27 37 0.95833
27 38 1.00000
28 29 1.00000
28 30 1.00000
28 31 1.00000
28 32 0.98000
28 33 0.97436
28 34 0.94444
28 35 0.92105
28 36 1.00000
28 37 0.96667
28 38 0.95000
28 39 1.00000
29 30 1.00000
29 31 1.00000
29 32 0.98462
29 33 1.00000
29 34 0.96000
29 35 0.93478
29 36 0.93548
29 37 0.94118
29 38 1.00000
29 39 0.96000
29 40 1.00000
30 31 0.97895
30 32 0.97895
30 33 1.00000
30 34 0.96000
30 35 0.94030
30 36 0.94444
30 37 0.97436
30 38 0.88095
30 39 0.96667
30 40 0.95833
30 42 0.95000
31 32 1.00000
31 33 1.00000
31 34 0.97260
31 35 0.98507
31 36 0.97959
31 37 0.97674
31 38 0.97436
31 39 0.94595
31 40 1.00000
31 42 0.95455
32 33 0.98958
32 34 0.98901
32 35 1.00000
32 36 0.98214
32 37 0.97872
32 38 0.93878
32 39 0.96667
32 40 1.00000
32 41 1.00000
32 42 0.95455
32 43 0.95000
33 34 1.00000
33 35 0.98734
33 36 1.00000
33 37 1.00000
33 38 1.00000
33 39 1.00000
33 40 1.00000
33 41 0.95000
33 42 1.00000
33 43 0.91304
34 35 0.98936
34 36 1.00000
34 37 1.00000
34 38 0.96154
34 39 0.97917
34 40 1.00000
34 41 1.00000
34 42 0.96667
34 43 1.00000
35 36 0.98947
35 37 1.00000
35 38 1.00000
35 39 1.00000
35 40 1.00000
35 41 1.00000
35 42 0.96875
35 43 0.89286
36 37 1.00000
36 38 1.00000
36 39 0.98592
36 40 1.00000
36 41 1.00000
36 42 1.00000
36 43 1.00000
37 38 1.00000
37 39 1.00000
37 40 1.00000
37 41 1.00000
37 42 0.97368
37 43 1.00000
38 39 1.00000
38 40 1.00000
38 41 1.00000
38 42 1.00000
38 43 1.00000
39 40 1.00000
39 41 1.00000
39 42 0.98214
39 43 1.00000
40 41 1.00000
40 42 1.00000
40 43 1.00000
41 42 0.98571
41 43 1.00000
42 43 1.00000
