44
0 119 91 76 75 69 69 61 51 66 60 55 49 45 44 42 45 36 34 36 37 32 34 32 32 35 31 30 32 29 27 20 23 22 18 20 18 17 20 19 20 16 17 15 
0 0 88 80 71 69 69 65 47 63 61 55 53 45 45 40 43 36 33 32 35 33 30 31 31 34 31 31 30 29 26 20 24 21 19 23 18 17 19 17 18 14 16 15 
0 0 0 88 68 67 73 68 49 64 65 62 54 51 47 42 44 35 40 34 36 36 33 35 32 36 33 34 29 31 25 21 22 23 20 23 17 15 19 18 17 16 17 14 
0 0 0 0 88 79 81 73 57 71 65 61 60 52 51 43 50 38 41 40 38 38 33 35 32 37 34 35 33 31 28 22 25 23 21 24 19 17 20 17 19 16 17 17 
0 0 0 0 0 93 86 78 58 78 69 64 62 56 58 50 51 43 46 43 41 38 39 37 34 37 33 33 35 28 28 20 25 23 21 23 18 17 19 16 18 16 15 16 
0 0 0 0 0 0 90 79 65 82 71 67 63 58 56 52 58 45 46 44 44 42 39 40 36 44 36 40 40 34 29 21 26 25 23 24 19 20 20 19 19 17 17 18 
0 0 0 0 0 0 0 78 67 90 76 71 63 63 60 54 58 51 52 48 48 48 41 41 41 45 41 41 41 36 32 24 29 28 26 28 21 20 23 21 21 19 20 18 
0 0 0 0 0 0 0 0 69 85 88 72 65 65 63 55 59 48 49 43 50 44 42 44 43 43 37 40 38 38 34 26 30 30 27 28 22 21 23 23 21 18 21 19 
0 0 0 0 0 0 0 0 0 73 64 62 56 53 51 45 51 47 44 43 43 37 37 35 33 35 30 30 30 28 26 21 25 25 22 23 16 17 18 17 17 16 15 14 
0 0 0 0 0 0 0 0 0 0 94 97 79 84 72 69 71 62 57 55 55 53 47 46 45 48 41 43 45 37 33 25 30 29 26 28 24 19 24 22 20 17 20 18 
0 0 0 0 0 0 0 0 0 0 0 85 73 73 69 67 61 56 51 50 54 47 47 45 39 42 40 36 37 35 31 27 28 28 26 26 23 20 23 18 21 17 18 17 
0 0 0 0 0 0 0 0 0 0 0 0 76 75 69 66 66 57 52 49 55 47 50 46 43 47 38 38 37 34 31 23 26 28 25 27 20 18 20 20 19 17 18 18 
0 0 0 0 0 0 0 0 0 0 0 0 0 79 72 60 67 53 55 54 51 47 42 44 40 45 37 39 36 35 30 25 27 27 26 27 22 19 21 18 19 18 18 18 
0 0 0 0 0 0 0 0 0 0 0 0 0 0 90 80 86 73 69 68 58 60 53 52 53 54 46 45 50 42 38 27 34 31 33 31 25 23 24 22 19 18 21 20 
0 0 0 0 0 0 0 0 0 0 0 0 0 0 0 89 93 74 78 72 69 64 59 55 49 52 45 42 43 40 36 27 32 31 31 31 27 23 24 22 21 19 20 20 
0 0 0 0 0 0 0 0 0 0 0 0 0 0 0 0 101 89 79 79 76 71 64 58 56 57 45 44 49 43 39 32 32 33 33 33 25 25 24 23 23 20 21 19 
0 0 0 0 0 0 0 0 0 0 0 0 0 0 0 0 0 98 81 82 78 76 62 67 62 62 52 54 59 49 45 35 38 37 37 39 31 30 28 30 26 24 25 25 
0 0 0 0 0 0 0 0 0 0 0 0 0 0 0 0 0 0 87 85 81 75 64 58 58 61 46 49 53 43 38 28 34 29 32 35 24 25 21 22 21 19 19 20 
0 0 0 0 0 0 0 0 0 0 0 0 0 0 0 0 0 0 0 90 79 75 70 68 61 62 56 55 55 45 38 33 35 35 35 36 27 28 25 29 23 21 24 21 
0 0 0 0 0 0 0 0 0 0 0 0 0 0 0 0 0 0 0 0 89 88 76 69 67 66 57 56 56 47 43 33 36 32 34 36 30 26 25 27 26 24 22 23 
0 0 0 0 0 0 0 0 0 0 0 0 0 0 0 0 0 0 0 0 0 90 88 78 68 73 60 61 60 54 46 34 38 41 38 39 30 30 29 30 27 26 24 22 
0 0 0 0 0 0 0 0 0 0 0 0 0 0 0 0 0 0 0 0 0 0 88 83 78 73 68 64 62 59 45 36 41 39 39 36 32 29 30 28 26 24 24 24 
0 0 0 0 0 0 0 0 0 0 0 0 0 0 0 0 0 0 0 0 0 0 0 94 82 83 67 64 58 53 50 41 42 41 39 42 33 33 31 30 30 29 28 26 
0 0 0 0 0 0 0 0 0 0 0 0 0 0 0 0 0 0 0 0 0 0 0 0 94 88 79 78 73 65 56 47 51 50 46 49 37 38 35 33 30 31 29 26 
0 0 0 0 0 0 0 0 0 0 0 0 0 0 0 0 0 0 0 0 0 0 0 0 0 83 76 75 73 63 57 47 51 49 47 48 39 35 36 37 31 32 34 28 
0 0 0 0 0 0 0 0 0 0 0 0 0 0 0 0 0 0 0 0 0 0 0 0 0 0 89 91 81 78 67 55 64 55 56 59 46 43 39 40 36 33 35 30 
0 0 0 0 0 0 0 0 0 0 0 0 0 0 0 0 0 0 0 0 0 0 0 0 0 0 0 92 87 82 68 61 63 64 61 57 49 51 50 45 40 35 36 37 
0 0 0 0 0 0 0 0 0 0 0 0 0 0 0 0 0 0 0 0 0 0 0 0 0 0 0 0 92 81 73 59 65 59 59 63 48 47 48 47 39 37 41 38 
0 0 0 0 0 0 0 0 0 0 0 0 0 0 0 0 0 0 0 0 0 0 0 0 0 0 0 0 0 92 80 67 72 63 63 60 53 51 44 48 40 37 38 37 
0 0 0 0 0 0 0 0 0 0 0 0 0 0 0 0 0 0 0 0 0 0 0 0 0 0 0 0 0 0 91 82 83 81 75 73 64 60 58 54 46 41 46 40 
0 0 0 0 0 0 0 0 0 0 0 0 0 0 0 0 0 0 0 0 0 0 0 0 0 0 0 0 0 0 0 97 96 89 85 85 69 67 65 56 47 42 44 44 
0 0 0 0 0 0 0 0 0 0 0 0 0 0 0 0 0 0 0 0 0 0 0 0 0 0 0 0 0 0 0 0 94 89 86 88 77 72 63 62 52 44 51 47 
0 0 0 0 0 0 0 0 0 0 0 0 0 0 0 0 0 0 0 0 0 0 0 0 0 0 0 0 0 0 0 0 0 99 95 94 83 77 71 63 55 48 54 51 
0 0 0 0 0 0 0 0 0 0 0 0 0 0 0 0 0 0 0 0 0 0 0 0 0 0 0 0 0 0 0 0 0 0 102 90 83 82 69 70 57 54 55 53 
0 0 0 0 0 0 0 0 0 0 0 0 0 0 0 0 0 0 0 0 0 0 0 0 0 0 0 0 0 0 0 0 0 0 0 102 92 89 72 77 60 60 59 58 
0 0 0 0 0 0 0 0 0 0 0 0 0 0 0 0 0 0 0 0 0 0 0 0 0 0 0 0 0 0 0 0 0 0 0 0 98 90 73 71 60 51 60 55 
0 0 0 0 0 0 0 0 0 0 0 0 0 0 0 0 0 0 0 0 0 0 0 0 0 0 0 0 0 0 0 0 0 0 0 0 0 93 83 79 69 58 62 59 
0 0 0 0 0 0 0 0 0 0 0 0 0 0 0 0 0 0 0 0 0 0 0 0 0 0 0 0 0 0 0 0 0 0 0 0 0 0 87 86 75 63 65 62 
0 0 0 0 0 0 0 0 0 0 0 0 0 0 0 0 0 0 0 0 0 0 0 0 0 0 0 0 0 0 0 0 0 0 0 0 0 0 0 73 70 61 64 60 
0 0 0 0 0 0 0 0 0 0 0 0 0 0 0 0 0 0 0 0 0 0 0 0 0 0 0 0 0 0 0 0 0 0 0 0 0 0 0 0 76 74 75 68 
0 0 0 0 0 0 0 0 0 0 0 0 0 0 0 0 0 0 0 0 0 0 0 0 0 0 0 0 0 0 0 0 0 0 0 0 0 0 0 0 0 74 74 71 
0 0 0 0 0 0 0 0 0 0 0 0 0 0 0 0 0 0 0 0 0 0 0 0 0 0 0 0 0 0 0 0 0 0 0 0 0 0 0 0 0 0 72 68 
0 0 0 0 0 0 0 0 0 0 0 0 0 0 0 0 0 0 0 0 0 0 0 0 0 0 0 0 0 0 0 0 0 0 0 0 0 0 0 0 0 0 0 79 
0 0 0 0 0 0 0 0 0 0 0 0 0 0 0 0 0 0 0 0 0 0 0 0 0 0 0 0 0 0 0 0 0 0 0 0 0 0 0 0 0 0 0 0 
